000 125 155 289 000 000 000 000 000 000 000 000 000 000 
125 000 124 000 000 000 000 000 000 000 000 000 000 000 
155 124 000 000 268 000 000 210 000 000 000 000 000 000 
289 000 000 000 194 000 000 000 000 000 000 000 000 000 
000 000 268 194 000 116 000 000 000 000 000 000 000 000 
000 000 000 000 116 000 000 000 000 000 000 319 000 000 
000 000 000 000 000 000 000 039 035 000 000 000 000 000 
000 000 210 000 000 000 039 000 070 000 000 000 000 000 
000 000 000 000 000 000 035 070 000 037 000 000 000 000 
000 000 000 000 000 000 000 000 037 000 195 000 000 000 
000 000 000 000 000 000 000 000 000 195 000 225 209 000 
000 000 000 000 000 319 000 000 000 000 225 000 000 168 
000 000 000 000 000 000 000 000 000 000 209 000 000 219 
000 000 000 000 000 000 000 000 000 000 000 168 219 000 
Hamburg
Bremen
Hannover
Berlin
Leipzig
Dresden
Essen
Dortmund
Düsseldorf
Köln
Frankfurt
Nürnberg
Stuttgart
München